
[38;2;164;228;0m⠀⠀⠀⣠⣾⣆⠀⠀⠀⠀⠀⠀⠀⢰⣄⠀⠀⠀
 ⢠⣾⣿⣿⣿⣧⡀⠀⠀⠀⠀⠀⢸⣿⣷⣄⠀
[38;2;98;216;241m⣾⣷[38;2;164;228;0m⠹⣿⣿⣿⣿⣷⡄⠀⠀⠀⠀⢸⣿⣿⣿⣷
[38;2;98;216;241m⣿⣿⣿⣷[38;2;164;228;0m⢿⣿⣿⣿⣿⣆⠀⠀⠀⢸⣿⣿⣿⣿
[38;2;98;216;241m⣿⣿⣿⣿⣿[38;2;164;228;0m⢻⣿⣿⣿⣿⣧⠀⠀⢸⣿⣿⣿⣿
[38;2;98;216;241m⣿⣿⣿⣿⣿[38;2;164;228;0m⠀⠹⣿⣿⣿⣿⣷⡀⢸⣿⣿⣿⣿
[38;2;98;216;241m⣿⣿⣿⣿⣿[38;2;164;228;0m⠀⠀⠘⣿⣿⣿⣿⣿⣼⣿⣿⣿⣿
[38;2;98;216;241m⣿⣿⣿⣿⣿[38;2;164;228;0m⠀⠀⠀⠈⢿⣿⣿⣿⣿⣿⣿⣿⣿
[38;2;98;216;241m⢿⣿⣿⣿⣿[38;2;164;228;0m⠀⠀⠀⠀⠀⠻⣿⣿⣿⣿⣷⣿⡟
[38;2;98;216;241m⠀⠙⢿⣿⣿[38;2;164;228;0m⠀⠀⠀⠀⠀⠀⠙⣿⣿⣿⠟⠁⠀
[38;2;98;216;241m⠀⠀⠀⠙⢿[38;2;164;228;0m⠀⠀⠀⠀⠀⠀⠀⠈⠟⠁[0m

